%YAML:1.0
---
camera_matrix: !!opencv-matrix
   rows: 3
   cols: 3
   dt: d
   data: [ 957.26972807076015, 0., 963.61309511462059, 0.,
       957.57019304242192, 531.97828098988145, 0., 0., 1. ]
dist_coeff: !!opencv-matrix
   rows: 1
   cols: 5
   dt: d
   data: [ -0.014494326044561849, 0.06668549869516531,
       -0.00014939477688205409, 0.00015119265367998378,
       -0.056565725478396951 ]
